{
 "cells": [
  {
   "cell_type": "code",
   "execution_count": 35,
   "metadata": {
    "collapsed": false,
    "deletable": true,
    "editable": true
   },
   "outputs": [],
   "source": [
    "import tensorflow as tf\n",
    "import matplotlib.pyplot as plt\n",
    "import numpy as np\n",
    "# import pandas as pd\n",
    "from scipy.io import loadmat, savemat\n",
    "from scipy.stats import binom"
   ]
  },
  {
   "cell_type": "markdown",
   "metadata": {
    "deletable": true,
    "editable": true
   },
   "source": [
    "# Making Synthetic Dataset\n",
    "The first order of business is making a dataset that we can test this on, and compare against baseline methods\n",
    "\n",
    "The dataset will have the following structure\n",
    " * $K$ kinds of instances, each with $N_k$ instances.\n",
    " * Each kind will have $M_k$ features\n",
    " * There is an assumed latent binary label for each instance, $Y_{k, n}$.\n",
    " * The label of the total bag will be $0$ if and only if all $Y_{k, n} = 0$"
   ]
  },
  {
   "cell_type": "code",
   "execution_count": 70,
   "metadata": {
    "collapsed": false,
    "deletable": true,
    "editable": true,
    "scrolled": true
   },
   "outputs": [
    {
     "data": {
      "text/plain": [
       "0.53302529474562832"
      ]
     },
     "execution_count": 70,
     "metadata": {},
     "output_type": "execute_result"
    }
   ],
   "source": [
    "1 - binom.cdf(0, 25, 0.03)"
   ]
  },
  {
   "cell_type": "code",
   "execution_count": 73,
   "metadata": {
    "collapsed": false,
    "deletable": true,
    "editable": true
   },
   "outputs": [
    {
     "name": "stdout",
     "output_type": "stream",
     "text": [
      "[[0, 0, 0, 0, 0, 0, 0, 0, 0, 0, 0, 0, 0, 0, 0, 0, 0, 0, 0, 0, 0, 0, 0, 0, 0, 0, 0, 0, 0, 0], [0, 0, 0, 0, 0, 0, 0, 0, 0, 0, 0, 0, 0, 0, 0, 0, 0, 0, 0, 0, 0, 0, 0, 0, 0, 0, 0, 0, 0, 0, 0, 0, 0, 0, 0]]\n",
      "[array([[ 3.03141043,  2.69307117,  2.86937817,  2.79199817,  2.73058002,\n",
      "         2.57091856,  2.79050764,  2.61139162,  2.42478006,  2.58047853,\n",
      "         2.848647  ,  2.65886174,  2.73117155,  2.68174382,  2.54797315,\n",
      "         2.42700036,  2.78429051,  2.68504782,  3.03821315,  2.49891026,\n",
      "         2.67097861,  2.54455371,  2.55507312,  2.32363233,  2.68221921,\n",
      "         2.5964347 ,  2.69998645,  2.5683707 ,  2.47758088,  2.40886664],\n",
      "       [ 2.69307117,  3.15029837,  2.96267697,  2.96069085,  2.93077314,\n",
      "         2.62757329,  2.98621627,  2.79280711,  2.3949287 ,  2.75139397,\n",
      "         2.76435607,  2.49378634,  2.86754068,  2.86529896,  2.76288148,\n",
      "         2.40555236,  2.91285608,  2.64174356,  3.01323951,  2.56471846,\n",
      "         2.71848596,  2.76489497,  2.81952245,  2.49026142,  2.75004465,\n",
      "         2.67856058,  2.89225924,  2.67106404,  2.68331407,  2.68328563],\n",
      "       [ 2.86937817,  2.96267697,  3.37307844,  3.15314133,  2.77169925,\n",
      "         2.83036813,  3.11997366,  2.76358718,  2.63751187,  2.87119749,\n",
      "         2.9125084 ,  2.61375958,  3.151986  ,  2.90925854,  2.83181975,\n",
      "         2.55818377,  3.21198501,  2.79774155,  3.24505141,  2.70789951,\n",
      "         2.76977028,  2.90283647,  2.95991137,  2.58061856,  2.98023293,\n",
      "         2.86386371,  2.93057699,  2.84853485,  2.86796988,  2.8479991 ],\n",
      "       [ 2.79199817,  2.96069085,  3.15314133,  3.55036102,  2.99366944,\n",
      "         2.85075706,  3.11326941,  2.84916675,  2.72083857,  2.82662645,\n",
      "         2.96217013,  2.82730897,  3.22915849,  3.01843728,  2.91284619,\n",
      "         2.70245835,  3.14134826,  2.82353618,  3.22922474,  2.65631468,\n",
      "         2.77174848,  2.9616115 ,  2.98039044,  2.60370095,  3.16244686,\n",
      "         2.96994024,  3.08139522,  2.86933301,  2.882219  ,  2.99763624],\n",
      "       [ 2.73058002,  2.93077314,  2.77169925,  2.99366944,  3.33790568,\n",
      "         2.81151526,  2.95367162,  2.99283754,  2.48969994,  2.76461856,\n",
      "         3.13494478,  2.75234552,  3.07299716,  2.73389872,  2.77368701,\n",
      "         2.43076748,  3.10878985,  2.70418735,  3.08728899,  2.66681595,\n",
      "         2.7386619 ,  2.71583156,  2.77259801,  2.73509078,  2.85511513,\n",
      "         2.88630011,  3.01438982,  2.67268423,  2.5699027 ,  2.7924862 ],\n",
      "       [ 2.57091856,  2.62757329,  2.83036813,  2.85075706,  2.81151526,\n",
      "         2.90595864,  2.77693213,  2.73730751,  2.35072379,  2.59909794,\n",
      "         2.83450494,  2.26059983,  2.81293862,  2.51953637,  2.51973941,\n",
      "         2.3762761 ,  2.93164724,  2.63714047,  2.98540877,  2.29122753,\n",
      "         2.51848375,  2.38922208,  2.44440032,  2.47636228,  2.6306034 ,\n",
      "         2.57733017,  2.78750345,  2.60200265,  2.43030959,  2.6394421 ],\n",
      "       [ 2.79050764,  2.98621627,  3.11997366,  3.11326941,  2.95367162,\n",
      "         2.77693213,  3.39892332,  2.84689226,  2.62398311,  2.78917735,\n",
      "         2.87462837,  2.65619645,  3.04810553,  2.87905635,  2.79220871,\n",
      "         2.41271412,  3.052586  ,  2.71220685,  3.23777211,  2.63134952,\n",
      "         2.72429444,  2.87118716,  2.994927  ,  2.58055071,  2.9843528 ,\n",
      "         2.97341933,  2.97391564,  2.77701235,  2.71446595,  2.78062053],\n",
      "       [ 2.61139162,  2.79280711,  2.76358718,  2.84916675,  2.99283754,\n",
      "         2.73730751,  2.84689226,  3.03022664,  2.47144809,  2.73821112,\n",
      "         2.96240413,  2.47042685,  2.81870131,  2.7772128 ,  2.60759568,\n",
      "         2.39500682,  2.91109684,  2.67580959,  3.04871826,  2.55230146,\n",
      "         2.6075918 ,  2.6640609 ,  2.59416203,  2.55927361,  2.70960521,\n",
      "         2.73282486,  2.8370451 ,  2.61466947,  2.35843461,  2.68743084],\n",
      "       [ 2.42478006,  2.3949287 ,  2.63751187,  2.72083857,  2.48969994,\n",
      "         2.35072379,  2.62398311,  2.47144809,  2.75735525,  2.51688132,\n",
      "         2.53104476,  2.19951508,  2.62336986,  2.54969345,  2.37872901,\n",
      "         2.14882814,  2.59598629,  2.49245375,  2.73066384,  2.43730993,\n",
      "         2.44881373,  2.41274089,  2.40030772,  2.21692659,  2.60267136,\n",
      "         2.65279727,  2.54728665,  2.28053338,  2.1221904 ,  2.45119778],\n",
      "       [ 2.58047853,  2.75139397,  2.87119749,  2.82662645,  2.76461856,\n",
      "         2.59909794,  2.78917735,  2.73821112,  2.51688132,  2.93896998,\n",
      "         2.73001695,  2.33042229,  2.77155434,  2.67660579,  2.60622688,\n",
      "         2.32563176,  2.8524596 ,  2.61127283,  2.96199195,  2.48739297,\n",
      "         2.47918592,  2.52052739,  2.60581591,  2.41020134,  2.64922636,\n",
      "         2.62894515,  2.64862831,  2.49796223,  2.41058576,  2.65276111],\n",
      "       [ 2.848647  ,  2.76435607,  2.9125084 ,  2.96217013,  3.13494478,\n",
      "         2.83450494,  2.87462837,  2.96240413,  2.53104476,  2.73001695,\n",
      "         3.43158847,  2.73394165,  3.05419644,  2.84068876,  2.72517457,\n",
      "         2.61726255,  3.14163319,  2.84871102,  3.2148957 ,  2.72696454,\n",
      "         2.94902008,  2.78722312,  2.65508329,  2.7274511 ,  2.98990233,\n",
      "         2.87148096,  3.06588862,  2.79256498,  2.61507904,  2.77106367],\n",
      "       [ 2.65886174,  2.49378634,  2.61375958,  2.82730897,  2.75234552,\n",
      "         2.26059983,  2.65619645,  2.47042685,  2.19951508,  2.33042229,\n",
      "         2.73394165,  2.98115156,  2.69012562,  2.54884203,  2.63198347,\n",
      "         2.21719812,  2.73754278,  2.29760505,  2.85127612,  2.37849774,\n",
      "         2.48370381,  2.51764145,  2.56591661,  2.32777552,  2.81075402,\n",
      "         2.57939248,  2.4374032 ,  2.46325438,  2.46050388,  2.43007333],\n",
      "       [ 2.73117155,  2.86754068,  3.151986  ,  3.22915849,  3.07299716,\n",
      "         2.81293862,  3.04810553,  2.81870131,  2.62336986,  2.77155434,\n",
      "         3.05419644,  2.69012562,  3.50697285,  2.83558939,  2.80434328,\n",
      "         2.56137141,  3.26407646,  2.69865754,  3.1674895 ,  2.81861914,\n",
      "         2.73731281,  2.99165657,  2.94249979,  2.73513615,  2.99791832,\n",
      "         2.88656361,  3.06605431,  2.91600675,  2.74268712,  2.91815735],\n",
      "       [ 2.68174382,  2.86529896,  2.90925854,  3.01843728,  2.73389872,\n",
      "         2.51953637,  2.87905635,  2.7772128 ,  2.54969345,  2.67660579,\n",
      "         2.84068876,  2.54884203,  2.83558939,  3.0608251 ,  2.7366973 ,\n",
      "         2.49028538,  2.83111648,  2.65099316,  3.05091201,  2.68650083,\n",
      "         2.677346  ,  2.76073592,  2.70259736,  2.39407769,  2.78071488,\n",
      "         2.77143938,  2.86875324,  2.6826607 ,  2.57908452,  2.65431707],\n",
      "       [ 2.54797315,  2.76288148,  2.83181975,  2.91284619,  2.77368701,\n",
      "         2.51973941,  2.79220871,  2.60759568,  2.37872901,  2.60622688,\n",
      "         2.72517457,  2.63198347,  2.80434328,  2.7366973 ,  2.95956631,\n",
      "         2.46403069,  2.81546512,  2.58916348,  2.93711677,  2.54360487,\n",
      "         2.5839714 ,  2.40505624,  2.75717882,  2.33203161,  2.7801108 ,\n",
      "         2.57875474,  2.74368552,  2.6329896 ,  2.59252758,  2.77439235],\n",
      "       [ 2.42700036,  2.40555236,  2.55818377,  2.70245835,  2.43076748,\n",
      "         2.3762761 ,  2.41271412,  2.39500682,  2.14882814,  2.32563176,\n",
      "         2.61726255,  2.21719812,  2.56137141,  2.49028538,  2.46403069,\n",
      "         2.61592614,  2.52271369,  2.40150314,  2.61655183,  2.28731904,\n",
      "         2.49309263,  2.34502807,  2.33500256,  2.02996143,  2.33605565,\n",
      "         2.28547107,  2.65568515,  2.38464179,  2.28035001,  2.40699524],\n",
      "       [ 2.78429051,  2.91285608,  3.21198501,  3.14134826,  3.10878985,\n",
      "         2.93164724,  3.052586  ,  2.91109684,  2.59598629,  2.8524596 ,\n",
      "         3.14163319,  2.73754278,  3.26407646,  2.83111648,  2.81546512,\n",
      "         2.52271369,  3.56114342,  2.74193105,  3.22422121,  2.80476237,\n",
      "         2.73617025,  3.03768647,  2.84894205,  2.77523248,  2.9281164 ,\n",
      "         2.96062372,  3.00859622,  2.88186766,  2.88492479,  2.92725468],\n",
      "       [ 2.68504782,  2.64174356,  2.79774155,  2.82353618,  2.70418735,\n",
      "         2.63714047,  2.71220685,  2.67580959,  2.49245375,  2.61127283,\n",
      "         2.84871102,  2.29760505,  2.69865754,  2.65099316,  2.58916348,\n",
      "         2.40150314,  2.74193105,  3.00153346,  2.94362892,  2.42970198,\n",
      "         2.56195944,  2.47010078,  2.66810058,  2.26816404,  2.73499121,\n",
      "         2.62627792,  2.77490732,  2.57839356,  2.34741395,  2.42418446],\n",
      "       [ 3.03821315,  3.01323951,  3.24505141,  3.22922474,  3.08728899,\n",
      "         2.98540877,  3.23777211,  3.04871826,  2.73066384,  2.96199195,\n",
      "         3.2148957 ,  2.85127612,  3.1674895 ,  3.05091201,  2.93711677,\n",
      "         2.61655183,  3.22422121,  2.94362892,  3.55972772,  2.7943392 ,\n",
      "         2.94141383,  2.84531816,  2.99295365,  2.7732385 ,  3.18984742,\n",
      "         2.94955952,  3.11763593,  3.13199657,  2.8359773 ,  2.86935159],\n",
      "       [ 2.49891026,  2.56471846,  2.70789951,  2.65631468,  2.66681595,\n",
      "         2.29122753,  2.63134952,  2.55230146,  2.43730993,  2.48739297,\n",
      "         2.72696454,  2.37849774,  2.81861914,  2.68650083,  2.54360487,\n",
      "         2.28731904,  2.80476237,  2.42970198,  2.7943392 ,  2.88619669,\n",
      "         2.45831941,  2.57253835,  2.61928298,  2.37416756,  2.48821254,\n",
      "         2.58887006,  2.69248032,  2.46191459,  2.33110141,  2.482693  ],\n",
      "       [ 2.67097861,  2.71848596,  2.76977028,  2.77174848,  2.7386619 ,\n",
      "         2.51848375,  2.72429444,  2.6075918 ,  2.44881373,  2.47918592,\n",
      "         2.94902008,  2.48370381,  2.73731281,  2.677346  ,  2.5839714 ,\n",
      "         2.49309263,  2.73617025,  2.56195944,  2.94141383,  2.45831941,\n",
      "         2.98090783,  2.62796941,  2.60584507,  2.34607313,  2.72815848,\n",
      "         2.63274911,  2.87387261,  2.58832667,  2.46543922,  2.62682773],\n",
      "       [ 2.54455371,  2.76489497,  2.90283647,  2.9616115 ,  2.71583156,\n",
      "         2.38922208,  2.87118716,  2.6640609 ,  2.41274089,  2.52052739,\n",
      "         2.78722312,  2.51764145,  2.99165657,  2.76073592,  2.40505624,\n",
      "         2.34502807,  3.03768647,  2.47010078,  2.84531816,  2.57253835,\n",
      "         2.62796941,  3.27086909,  2.7075231 ,  2.54207781,  2.71304353,\n",
      "         2.89707828,  2.71690338,  2.58544736,  2.60516565,  2.55250922],\n",
      "       [ 2.55507312,  2.81952245,  2.95991137,  2.98039044,  2.77259801,\n",
      "         2.44440032,  2.994927  ,  2.59416203,  2.40030772,  2.60581591,\n",
      "         2.65508329,  2.56591661,  2.94249979,  2.70259736,  2.75717882,\n",
      "         2.33500256,  2.84894205,  2.66810058,  2.99295365,  2.61928298,\n",
      "         2.60584507,  2.7075231 ,  3.18126488,  2.42316654,  2.79470362,\n",
      "         2.69223395,  2.87735921,  2.67388369,  2.65489973,  2.65919564],\n",
      "       [ 2.32363233,  2.49026142,  2.58061856,  2.60370095,  2.73509078,\n",
      "         2.47636228,  2.58055071,  2.55927361,  2.21692659,  2.41020134,\n",
      "         2.7274511 ,  2.32777552,  2.73513615,  2.39407769,  2.33203161,\n",
      "         2.02996143,  2.77523248,  2.26816404,  2.7732385 ,  2.37416756,\n",
      "         2.34607313,  2.54207781,  2.42316654,  2.72718432,  2.65827614,\n",
      "         2.59884238,  2.58553587,  2.54435408,  2.35187229,  2.39552915],\n",
      "       [ 2.68221921,  2.75004465,  2.98023293,  3.16244686,  2.85511513,\n",
      "         2.6306034 ,  2.9843528 ,  2.70960521,  2.60267136,  2.64922636,\n",
      "         2.98990233,  2.81075402,  2.99791832,  2.78071488,  2.7801108 ,\n",
      "         2.33605565,  2.9281164 ,  2.73499121,  3.18984742,  2.48821254,\n",
      "         2.72815848,  2.71304353,  2.79470362,  2.65827614,  3.31295611,\n",
      "         2.87138   ,  2.85980646,  2.87592731,  2.70799298,  2.70841979],\n",
      "       [ 2.5964347 ,  2.67856058,  2.86386371,  2.96994024,  2.88630011,\n",
      "         2.57733017,  2.97341933,  2.73282486,  2.65279727,  2.62894515,\n",
      "         2.87148096,  2.57939248,  2.88656361,  2.77143938,  2.57875474,\n",
      "         2.28547107,  2.96062372,  2.62627792,  2.94955952,  2.58887006,\n",
      "         2.63274911,  2.89707828,  2.69223395,  2.59884238,  2.87138   ,\n",
      "         3.11980294,  2.76531303,  2.56880586,  2.50650352,  2.64013695],\n",
      "       [ 2.69998645,  2.89225924,  2.93057699,  3.08139522,  3.01438982,\n",
      "         2.78750345,  2.97391564,  2.8370451 ,  2.54728665,  2.64862831,\n",
      "         3.06588862,  2.4374032 ,  3.06605431,  2.86875324,  2.74368552,\n",
      "         2.65568515,  3.00859622,  2.77490732,  3.11763593,  2.69248032,\n",
      "         2.87387261,  2.71690338,  2.87735921,  2.58553587,  2.85980646,\n",
      "         2.76531303,  3.2987435 ,  2.78843714,  2.62414824,  2.80306224],\n",
      "       [ 2.5683707 ,  2.67106404,  2.84853485,  2.86933301,  2.67268423,\n",
      "         2.60200265,  2.77701235,  2.61466947,  2.28053338,  2.49796223,\n",
      "         2.79256498,  2.46325438,  2.91600675,  2.6826607 ,  2.6329896 ,\n",
      "         2.38464179,  2.88186766,  2.57839356,  3.13199657,  2.46191459,\n",
      "         2.58832667,  2.58544736,  2.67388369,  2.54435408,  2.87592731,\n",
      "         2.56880586,  2.78843714,  3.08224955,  2.58174758,  2.4419255 ],\n",
      "       [ 2.47758088,  2.68331407,  2.86796988,  2.882219  ,  2.5699027 ,\n",
      "         2.43030959,  2.71446595,  2.35843461,  2.1221904 ,  2.41058576,\n",
      "         2.61507904,  2.46050388,  2.74268712,  2.57908452,  2.59252758,\n",
      "         2.28035001,  2.88492479,  2.34741395,  2.8359773 ,  2.33110141,\n",
      "         2.46543922,  2.60516565,  2.65489973,  2.35187229,  2.70799298,\n",
      "         2.50650352,  2.62414824,  2.58174758,  2.88375952,  2.59774748],\n",
      "       [ 2.40886664,  2.68328563,  2.8479991 ,  2.99763624,  2.7924862 ,\n",
      "         2.6394421 ,  2.78062053,  2.68743084,  2.45119778,  2.65276111,\n",
      "         2.77106367,  2.43007333,  2.91815735,  2.65431707,  2.77439235,\n",
      "         2.40699524,  2.92725468,  2.42418446,  2.86935159,  2.482693  ,\n",
      "         2.62682773,  2.55250922,  2.65919564,  2.39552915,  2.70841979,\n",
      "         2.64013695,  2.80306224,  2.4419255 ,  2.59774748,  3.06204977]]), array([[ 3.36705576,  2.98068321,  3.13850757, ...,  2.5578017 ,\n",
      "         2.96143458,  2.96209117],\n",
      "       [ 2.98068321,  3.42275854,  3.33728908, ...,  2.82848419,\n",
      "         3.02913498,  3.16375334],\n",
      "       [ 3.13850757,  3.33728908,  3.82860679, ...,  3.12166591,\n",
      "         3.35632903,  3.12182042],\n",
      "       ..., \n",
      "       [ 2.5578017 ,  2.82848419,  3.12166591, ...,  3.22931024,\n",
      "         2.85202665,  2.82441718],\n",
      "       [ 2.96143458,  3.02913498,  3.35632903, ...,  2.85202665,\n",
      "         3.48260401,  2.94772528],\n",
      "       [ 2.96209117,  3.16375334,  3.12182042, ...,  2.82441718,\n",
      "         2.94772528,  3.41896895]])]\n"
     ]
    }
   ],
   "source": [
    "K = 2\n",
    "M = [30, 35]\n",
    "N = [10, 15]\n",
    "p = 0.03  # The probability of a unit being labeled positive, roughly causing an equal balance of classes\n",
    "D = 1000  # The number of data points to generate\n",
    "\n",
    "np.random.seed(123546)\n",
    "\n",
    "covs_0 = []\n",
    "covs_1 = []\n",
    "means_0 = [[0]*M[k] for k in range(K)]\n",
    "means_1 = []\n",
    "for k in range(K):\n",
    "    cov = np.random.uniform(low=0.05, high=3.0, size=(M[k], M[k]))\n",
    "    cov = np.sqrt(np.dot(cov, cov.T))/3  # assuring the dataset is positive semi-definite, therefore a good covariance matrix\n",
    "    covs_0.append(cov)\n",
    "    \n",
    "    cov = cov.copy()\n",
    "\n",
    "    cov[0, 0] *= 2\n",
    "    cov[0, 1] *= 1.5\n",
    "    covs_1.append(cov)\n",
    "    means_1.append(np.random.uniform(low=2, high=4, size=(M[k])))  # making the positive class have different distributions    \n",
    "    \n",
    "print(means_0)\n",
    "print(covs_0)"
   ]
  },
  {
   "cell_type": "markdown",
   "metadata": {
    "deletable": true,
    "editable": true
   },
   "source": [
    "This will be super inefficient, but we only need one pass, so it's not too bad..."
   ]
  },
  {
   "cell_type": "code",
   "execution_count": 74,
   "metadata": {
    "collapsed": false,
    "deletable": true,
    "editable": true
   },
   "outputs": [
    {
     "name": "stderr",
     "output_type": "stream",
     "text": [
      "/home/ian/miniconda3/envs/dl-env/lib/python3.6/site-packages/ipykernel_launcher.py:11: RuntimeWarning: covariance is not positive-semidefinite.\n",
      "  # This is added back by InteractiveShellApp.init_path()\n",
      "/home/ian/miniconda3/envs/dl-env/lib/python3.6/site-packages/ipykernel_launcher.py:13: RuntimeWarning: covariance is not positive-semidefinite.\n",
      "  del sys.path[0]\n"
     ]
    }
   ],
   "source": [
    "dataset = []\n",
    "labels = []\n",
    "for d in range(D):\n",
    "    x = []\n",
    "    y = []\n",
    "    for k in range(K):\n",
    "        ls = np.random.uniform(size=N[k]) < p \n",
    "        for n in range(N[k]):\n",
    "            x_dkn = 0\n",
    "            if ls[n] == 0:\n",
    "                x_dkn = np.random.multivariate_normal(means_0[k], covs_0[k])\n",
    "            else:\n",
    "                x_dkn = np.random.multivariate_normal(means_1[k], covs_1[k])\n",
    "                \n",
    "            x.append(np.ravel(x_dkn))\n",
    "            y.append(ls[n])\n",
    "    dataset.append(np.concatenate(x))\n",
    "    labels.append(np.array(y))\n",
    "                                \n",
    "dataset = np.array(dataset)\n",
    "labels = np.array(labels)"
   ]
  },
  {
   "cell_type": "code",
   "execution_count": 75,
   "metadata": {
    "collapsed": false,
    "deletable": true,
    "editable": true
   },
   "outputs": [
    {
     "name": "stdout",
     "output_type": "stream",
     "text": [
      "(1000, 825)\n",
      "(1000, 25)\n"
     ]
    },
    {
     "data": {
      "text/plain": [
       "array([[ 2.79673501,  3.14282708,  2.91605277, ...,  2.46913029,\n",
       "         3.11989531,  2.92351144],\n",
       "       [ 0.96784125,  0.6794085 ,  0.3332632 , ..., -1.38753259,\n",
       "        -2.27380915, -1.91793064],\n",
       "       [ 0.62188813, -0.18138514,  0.49646997, ...,  2.05466305,\n",
       "         2.07691908,  1.22200005],\n",
       "       ..., \n",
       "       [ 6.09395614,  6.3277074 ,  6.0922489 , ...,  0.66595861,\n",
       "        -0.09044591, -1.03655273],\n",
       "       [-0.27015794, -0.17719692, -1.52203324, ..., -2.50215438,\n",
       "        -1.57924752, -3.00361599],\n",
       "       [ 0.97260619, -0.28193222,  1.27257004, ...,  1.16415252,\n",
       "         0.70330398,  1.01755049]])"
      ]
     },
     "execution_count": 75,
     "metadata": {},
     "output_type": "execute_result"
    }
   ],
   "source": [
    "print(dataset.shape)\n",
    "print(labels.shape)\n",
    "dataset"
   ]
  },
  {
   "cell_type": "code",
   "execution_count": 76,
   "metadata": {
    "collapsed": false
   },
   "outputs": [
    {
     "data": {
      "text/plain": [
       "(array([False,  True], dtype=bool), array([464, 536]))"
      ]
     },
     "execution_count": 76,
     "metadata": {},
     "output_type": "execute_result"
    }
   ],
   "source": [
    "bag_labels = labels.max(axis=1)\n",
    "np.unique(bag_labels, return_counts=True)"
   ]
  },
  {
   "cell_type": "code",
   "execution_count": 77,
   "metadata": {
    "collapsed": true
   },
   "outputs": [],
   "source": [
    "from sklearn.linear_model import LogisticRegression\n",
    "from sklearn.ensemble import RandomForestClassifier\n",
    "from sklearn.model_selection import train_test_split\n",
    "from sklearn.model_selection import GridSearchCV"
   ]
  },
  {
   "cell_type": "code",
   "execution_count": 78,
   "metadata": {
    "collapsed": false
   },
   "outputs": [],
   "source": [
    "result = train_test_split(dataset, bag_labels)\n",
    "trainX = result[0]\n",
    "testX = result[1]\n",
    "trainY = result[2]\n",
    "testY = result[3]"
   ]
  },
  {
   "cell_type": "code",
   "execution_count": 79,
   "metadata": {
    "collapsed": true
   },
   "outputs": [
    {
     "data": {
      "text/plain": [
       "GridSearchCV(cv=3, error_score='raise',\n",
       "       estimator=LogisticRegression(C=1.0, class_weight=None, dual=False, fit_intercept=True,\n",
       "          intercept_scaling=1, max_iter=100, multi_class='ovr', n_jobs=1,\n",
       "          penalty='l2', random_state=None, solver='liblinear', tol=0.0001,\n",
       "          verbose=0, warm_start=False),\n",
       "       fit_params={}, iid=True, n_jobs=2,\n",
       "       param_grid={'C': [0.01, 0.03, 0.06, 0.1, 0.5, 1.0]},\n",
       "       pre_dispatch='2*n_jobs', refit=True, return_train_score=True,\n",
       "       scoring='roc_auc', verbose=0)"
      ]
     },
     "execution_count": 79,
     "metadata": {},
     "output_type": "execute_result"
    }
   ],
   "source": [
    "lr = LogisticRegression()\n",
    "grid = {'C': [0.01, 0.03, 0.06, 0.1, 0.5, 1.0]}\n",
    "search = GridSearchCV(lr, grid, scoring='roc_auc', n_jobs=2, cv=3)\n",
    "search.fit(trainX, trainY)"
   ]
  },
  {
   "cell_type": "code",
   "execution_count": 80,
   "metadata": {
    "collapsed": false,
    "scrolled": true
   },
   "outputs": [
    {
     "data": {
      "text/plain": [
       "0.67961538461538462"
      ]
     },
     "execution_count": 80,
     "metadata": {},
     "output_type": "execute_result"
    }
   ],
   "source": [
    "search.score(testX, testY)"
   ]
  },
  {
   "cell_type": "code",
   "execution_count": 81,
   "metadata": {
    "collapsed": true,
    "deletable": true,
    "editable": true
   },
   "outputs": [
    {
     "data": {
      "text/plain": [
       "GridSearchCV(cv=3, error_score='raise',\n",
       "       estimator=RandomForestClassifier(bootstrap=True, class_weight=None, criterion='gini',\n",
       "            max_depth=None, max_features='auto', max_leaf_nodes=None,\n",
       "            min_impurity_split=1e-07, min_samples_leaf=1,\n",
       "            min_samples_split=2, min_weight_fraction_leaf=0.0,\n",
       "            n_estimators=10, n_jobs=1, oob_score=False, random_state=None,\n",
       "            verbose=0, warm_start=False),\n",
       "       fit_params={}, iid=True, n_jobs=2,\n",
       "       param_grid={'n_estimators': [2, 4, 10, 30, 100], 'max_features': ['auto', 3, 5, 10, 20]},\n",
       "       pre_dispatch='2*n_jobs', refit=True, return_train_score=True,\n",
       "       scoring='roc_auc', verbose=0)"
      ]
     },
     "execution_count": 81,
     "metadata": {},
     "output_type": "execute_result"
    }
   ],
   "source": [
    "rf = RandomForestClassifier()\n",
    "grid = {'n_estimators': [2, 4, 10, 30, 100], \n",
    "        'max_features': ['auto', 3, 5, 10, 20]}\n",
    "search = GridSearchCV(rf, grid, scoring='roc_auc', n_jobs=2, cv=3)\n",
    "search.fit(trainX, trainY)"
   ]
  },
  {
   "cell_type": "code",
   "execution_count": 82,
   "metadata": {
    "collapsed": false,
    "deletable": true,
    "editable": true
   },
   "outputs": [
    {
     "data": {
      "text/plain": [
       "0.6086217948717948"
      ]
     },
     "execution_count": 82,
     "metadata": {},
     "output_type": "execute_result"
    }
   ],
   "source": [
    "search.score(testX, testY)"
   ]
  },
  {
   "cell_type": "code",
   "execution_count": 83,
   "metadata": {
    "collapsed": false
   },
   "outputs": [
    {
     "data": {
      "text/plain": [
       "0.65530815946515908"
      ]
     },
     "execution_count": 83,
     "metadata": {},
     "output_type": "execute_result"
    }
   ],
   "source": [
    "search.best_score_"
   ]
  },
  {
   "cell_type": "code",
   "execution_count": 84,
   "metadata": {
    "collapsed": false,
    "scrolled": true
   },
   "outputs": [
    {
     "data": {
      "text/plain": [
       "RandomForestClassifier(bootstrap=True, class_weight=None, criterion='gini',\n",
       "            max_depth=None, max_features=3, max_leaf_nodes=None,\n",
       "            min_impurity_split=1e-07, min_samples_leaf=1,\n",
       "            min_samples_split=2, min_weight_fraction_leaf=0.0,\n",
       "            n_estimators=100, n_jobs=1, oob_score=False, random_state=None,\n",
       "            verbose=0, warm_start=False)"
      ]
     },
     "execution_count": 84,
     "metadata": {},
     "output_type": "execute_result"
    }
   ],
   "source": [
    "search.best_estimator_"
   ]
  },
  {
   "cell_type": "code",
   "execution_count": 85,
   "metadata": {
    "collapsed": true
   },
   "outputs": [],
   "source": [
    "savemat('./synth_dataset.mat', {'train_X': trainX,\n",
    "                                'train_Y': trainY,\n",
    "                                'test_X': testX,\n",
    "                                'test_Y': testY})"
   ]
  }
 ],
 "metadata": {
  "kernelspec": {
   "display_name": "Python 3",
   "language": "python",
   "name": "python3"
  },
  "language_info": {
   "codemirror_mode": {
    "name": "ipython",
    "version": 3
   },
   "file_extension": ".py",
   "mimetype": "text/x-python",
   "name": "python",
   "nbconvert_exporter": "python",
   "pygments_lexer": "ipython3",
   "version": "3.6.1"
  }
 },
 "nbformat": 4,
 "nbformat_minor": 2
}
